      14

      Pt        -0.1918588724         0.1473607663        -0.0206428884
       N         1.0152457492         1.7871587902        -0.3256519599
      Cl         2.1733133918        -0.9002920099         1.0962515306
      Cl        -1.5450363773        -1.7185188075         0.3418571500
       N        -1.7982736267         1.3227546012         0.3940778608
       H         1.9416094509         1.5655400966         0.0589109668
       H         0.6909792521         2.6419000629         0.1357520360
       H         1.1271624358         2.0055282249        -1.3205435866
       H        -2.0279987441         1.9473696445        -0.3845711287
       H        -1.6505877310         1.8922900973         1.2327360704
       H        -2.6127198949         0.7222390125         0.5652198238
       O         1.1438658185        -1.2286719591        -1.6335892088
       H         1.5682959303        -0.6164045103        -2.2670015519
       H         1.8147112171        -1.3313690127        -0.9024031129
      14

      Pt        -0.1913593163         0.1474996959        -0.0195927996
       N         1.0136411118         1.7881208937        -0.3280464807
      Cl         2.1694114868        -0.8986085863         1.0946432549
      Cl        -1.5444259159        -1.7185954241         0.3428002651
       N        -1.8023926489         1.3217393878         0.3811026898
       H         1.9382530206         1.5738474561         0.0644536017
       H         0.6830146790         2.6466136506         0.1217050830
       H         1.1315169193         1.9965821735        -1.3244413337
       H        -2.0327628531         1.9360923839        -0.4056963044
       H        -1.6590478440         1.9016090603         1.2131399112
       H        -2.6153125999         0.7201677872         0.5556881454
       O         1.1482987758        -1.2344547099        -1.6396182498
       H         1.5812183517        -0.6268178868        -2.2716271036
       H         1.8133984447        -1.3370891751        -0.9034366645
